A01  (58,76)  (10,108)  (10,60)  (89,124)  (58,28)  (106,40) 
A02  (241,76)  (193,113)  (193,65)  (263,124)  (241,28)  (289,45) 
A03  (417,76)  (369,115)  (369,67)  (436,124)  (417,28)  (465,47) 
A04  (586,76)  (538,112)  (538,64)  (609,124)  (586,28)  (634,45) 
A05  (753,76)  (705,109)  (705,61)  (782,124)  (753,28)  (801,41) 
A06  (926,76)  (878,109)  (878,61)  (956,124)  (926,28)  (974,41) 
A07  (1098,76)  (1050,108)  (1050,60)  (1129,124)  (1098,28)  (1146,40) 
A08  (1268,76)  (1220,106)  (1220,58)  (1302,124)  (1268,28)  (1316,38) 
A09  (1444,76)  (1396,108)  (1396,60)  (1475,124)  (1444,28)  (1492,40) 
I02  (241,1276)  (193,1313)  (193,1265)  (263,1324)  (241,1228)  (289,1245) 
I01  (58,1276)  (10,1308)  (10,1260)  (89,1324)  (58,1228)  (106,1240) 
I04  (586,1276)  (538,1312)  (538,1264)  (609,1324)  (586,1228)  (634,1245) 
I03  (417,1276)  (369,1315)  (369,1267)  (436,1324)  (417,1228)  (465,1247) 
I06  (926,1276)  (878,1309)  (878,1261)  (956,1324)  (926,1228)  (974,1241) 
I05  (753,1276)  (705,1309)  (705,1261)  (782,1324)  (753,1228)  (801,1241) 
I08  (1268,1276)  (1220,1306)  (1220,1258)  (1302,1324)  (1268,1228)  (1316,1238) 
I07  (1098,1276)  (1050,1308)  (1050,1260)  (1129,1324)  (1098,1228)  (1146,1240) 
I09  (1444,1276)  (1396,1308)  (1396,1260)  (1475,1324)  (1444,1228)  (1492,1240) 
A10  (1619,76)  (1571,109)  (1571,61)  (1648,124)  (1619,28)  (1667,41) 
A11  (1795,76)  (1747,110)  (1747,62)  (1822,124)  (1795,28)  (1843,43) 
A12  (1968,76)  (1920,110)  (1920,62)  (1995,124)  (1968,28)  (2016,42) 
A13  (2141,76)  (2093,110)  (2093,62)  (2168,124)  (2141,28)  (2189,42) 
A14  (2311,76)  (2263,108)  (2263,60)  (2341,124)  (2311,28)  (2359,40) 
A15  (2480,76)  (2432,106)  (2432,58)  (2515,124)  (2480,28)  (2528,38) 
I11  (1795,1276)  (1747,1310)  (1747,1262)  (1822,1324)  (1795,1228)  (1843,1243) 
I10  (1619,1276)  (1571,1309)  (1571,1261)  (1648,1324)  (1619,1228)  (1667,1241) 
I13  (2141,1276)  (2093,1310)  (2093,1262)  (2168,1324)  (2141,1228)  (2189,1242) 
I12  (1968,1276)  (1920,1310)  (1920,1262)  (1995,1324)  (1968,1228)  (2016,1242) 
I15  (2480,1276)  (2432,1306)  (2432,1258)  (2515,1324)  (2480,1228)  (2528,1238) 
I14  (2311,1276)  (2263,1308)  (2263,1260)  (2341,1324)  (2311,1228)  (2359,1240) 
H01  (147,1126)  (99,1159)  (99,1111)  (176,1174)  (147,1078)  (195,1091) 
H03  (492,1126)  (444,1158)  (444,1110)  (522,1174)  (492,1078)  (540,1090) 
H02  (317,1126)  (269,1157)  (269,1109)  (349,1174)  (317,1078)  (365,1089) 
H05  (840,1126)  (792,1159)  (792,1111)  (869,1174)  (840,1078)  (888,1091) 
H04  (667,1126)  (619,1159)  (619,1111)  (696,1174)  (667,1078)  (715,1091) 
H07  (1187,1126)  (1139,1159)  (1139,1111)  (1215,1174)  (1187,1078)  (1235,1092) 
H06  (1016,1126)  (968,1161)  (968,1113)  (1042,1174)  (1016,1078)  (1064,1093) 
H09  (1535,1126)  (1487,1160)  (1487,1112)  (1562,1174)  (1535,1078)  (1583,1092) 
H08  (1361,1126)  (1313,1160)  (1313,1112)  (1389,1174)  (1361,1078)  (1409,1092) 
H10  (1702,1126)  (1654,1157)  (1654,1109)  (1735,1174)  (1702,1078)  (1750,1089) 
H12  (2055,1126)  (2007,1161)  (2007,1113)  (2081,1174)  (2055,1078)  (2103,1093) 
H11  (1880,1126)  (1832,1159)  (1832,1111)  (1908,1174)  (1880,1078)  (1928,1092) 
H14  (2401,1126)  (2353,1160)  (2353,1112)  (2428,1174)  (2401,1078)  (2449,1092) 
H13  (2227,1126)  (2179,1160)  (2179,1112)  (2255,1174)  (2227,1078)  (2275,1092) 
H15  (2575,1126)  (2527,1161)  (2527,1113)  (2601,1174)  (2575,1078)  (2623,1093) 
G02  (241,976)  (193,1013)  (193,965)  (263,1024)  (241,928)  (289,945) 
G01  (58,976)  (10,1008)  (10,960)  (89,1024)  (58,928)  (106,940) 
G04  (586,976)  (538,1012)  (538,964)  (609,1024)  (586,928)  (634,945) 
G03  (417,976)  (369,1015)  (369,967)  (436,1024)  (417,928)  (465,947) 
G06  (926,976)  (878,1009)  (878,961)  (956,1024)  (926,928)  (974,941) 
G05  (753,976)  (705,1009)  (705,961)  (782,1024)  (753,928)  (801,941) 
G08  (1268,976)  (1220,1006)  (1220,958)  (1302,1024)  (1268,928)  (1316,938) 
G07  (1098,976)  (1050,1008)  (1050,960)  (1129,1024)  (1098,928)  (1146,940) 
G09  (1444,976)  (1396,1008)  (1396,960)  (1475,1024)  (1444,928)  (1492,940) 
G11  (1795,976)  (1747,1010)  (1747,962)  (1822,1024)  (1795,928)  (1843,943) 
G10  (1619,976)  (1571,1009)  (1571,961)  (1648,1024)  (1619,928)  (1667,941) 
G13  (2141,976)  (2093,1010)  (2093,962)  (2168,1024)  (2141,928)  (2189,942) 
G12  (1968,976)  (1920,1010)  (1920,962)  (1995,1024)  (1968,928)  (2016,942) 
G15  (2480,976)  (2432,1006)  (2432,958)  (2515,1024)  (2480,928)  (2528,938) 
G14  (2311,976)  (2263,1008)  (2263,960)  (2341,1024)  (2311,928)  (2359,940) 
F01  (147,826)  (99,859)  (99,811)  (176,874)  (147,778)  (195,791) 
F03  (492,826)  (444,858)  (444,810)  (522,874)  (492,778)  (540,790) 
F02  (317,826)  (269,857)  (269,809)  (349,874)  (317,778)  (365,789) 
F05  (840,826)  (792,859)  (792,811)  (869,874)  (840,778)  (888,791) 
F04  (667,826)  (619,859)  (619,811)  (696,874)  (667,778)  (715,791) 
F07  (1187,826)  (1139,859)  (1139,811)  (1215,874)  (1187,778)  (1235,792) 
F06  (1016,826)  (968,861)  (968,813)  (1042,874)  (1016,778)  (1064,793) 
F09  (1535,826)  (1487,860)  (1487,812)  (1562,874)  (1535,778)  (1583,792) 
F08  (1361,826)  (1313,860)  (1313,812)  (1389,874)  (1361,778)  (1409,792) 
F10  (1702,826)  (1654,857)  (1654,809)  (1735,874)  (1702,778)  (1750,789) 
F12  (2055,826)  (2007,861)  (2007,813)  (2081,874)  (2055,778)  (2103,793) 
F11  (1880,826)  (1832,859)  (1832,811)  (1908,874)  (1880,778)  (1928,792) 
F14  (2401,826)  (2353,860)  (2353,812)  (2428,874)  (2401,778)  (2449,792) 
F13  (2227,826)  (2179,860)  (2179,812)  (2255,874)  (2227,778)  (2275,792) 
F15  (2575,826)  (2527,861)  (2527,813)  (2601,874)  (2575,778)  (2623,793) 
E02  (241,676)  (193,713)  (193,665)  (263,724)  (241,628)  (289,645) 
E01  (58,676)  (10,708)  (10,660)  (89,724)  (58,628)  (106,640) 
E04  (586,676)  (538,712)  (538,664)  (609,724)  (586,628)  (634,645) 
E03  (417,676)  (369,715)  (369,667)  (436,724)  (417,628)  (465,647) 
E06  (926,676)  (878,709)  (878,661)  (956,724)  (926,628)  (974,641) 
E05  (753,676)  (705,709)  (705,661)  (782,724)  (753,628)  (801,641) 
E08  (1268,676)  (1220,706)  (1220,658)  (1302,724)  (1268,628)  (1316,638) 
E07  (1098,676)  (1050,708)  (1050,660)  (1129,724)  (1098,628)  (1146,640) 
M02  (241,1876)  (193,1913)  (193,1865)  (263,1924)  (241,1828)  (289,1845) 
E09  (1444,676)  (1396,708)  (1396,660)  (1475,724)  (1444,628)  (1492,640) 
M01  (58,1876)  (10,1908)  (10,1860)  (89,1924)  (58,1828)  (106,1840) 
M04  (586,1876)  (538,1912)  (538,1864)  (609,1924)  (586,1828)  (634,1845) 
M03  (417,1876)  (369,1915)  (369,1867)  (436,1924)  (417,1828)  (465,1847) 
M06  (926,1876)  (878,1909)  (878,1861)  (956,1924)  (926,1828)  (974,1841) 
M05  (753,1876)  (705,1909)  (705,1861)  (782,1924)  (753,1828)  (801,1841) 
M08  (1268,1876)  (1220,1906)  (1220,1858)  (1302,1924)  (1268,1828)  (1316,1838) 
M07  (1098,1876)  (1050,1908)  (1050,1860)  (1129,1924)  (1098,1828)  (1146,1840) 
M09  (1444,1876)  (1396,1908)  (1396,1860)  (1475,1924)  (1444,1828)  (1492,1840) 
E11  (1795,676)  (1747,710)  (1747,662)  (1822,724)  (1795,628)  (1843,643) 
E10  (1619,676)  (1571,709)  (1571,661)  (1648,724)  (1619,628)  (1667,641) 
E13  (2141,676)  (2093,710)  (2093,662)  (2168,724)  (2141,628)  (2189,642) 
E12  (1968,676)  (1920,710)  (1920,662)  (1995,724)  (1968,628)  (2016,642) 
E15  (2480,676)  (2432,706)  (2432,658)  (2515,724)  (2480,628)  (2528,638) 
E14  (2311,676)  (2263,708)  (2263,660)  (2341,724)  (2311,628)  (2359,640) 
M11  (1795,1876)  (1747,1910)  (1747,1862)  (1822,1924)  (1795,1828)  (1843,1843) 
M10  (1619,1876)  (1571,1909)  (1571,1861)  (1648,1924)  (1619,1828)  (1667,1841) 
M13  (2141,1876)  (2093,1910)  (2093,1862)  (2168,1924)  (2141,1828)  (2189,1842) 
M12  (1968,1876)  (1920,1910)  (1920,1862)  (1995,1924)  (1968,1828)  (2016,1842) 
M15  (2480,1876)  (2432,1906)  (2432,1858)  (2515,1924)  (2480,1828)  (2528,1838) 
M14  (2311,1876)  (2263,1908)  (2263,1860)  (2341,1924)  (2311,1828)  (2359,1840) 
D01  (147,526)  (99,559)  (99,511)  (176,574)  (147,478)  (195,491) 
D03  (492,526)  (444,558)  (444,510)  (522,574)  (492,478)  (540,490) 
D02  (317,526)  (269,557)  (269,509)  (349,574)  (317,478)  (365,489) 
D05  (840,526)  (792,559)  (792,511)  (869,574)  (840,478)  (888,491) 
D04  (667,526)  (619,559)  (619,511)  (696,574)  (667,478)  (715,491) 
D07  (1187,526)  (1139,559)  (1139,511)  (1215,574)  (1187,478)  (1235,492) 
D06  (1016,526)  (968,561)  (968,513)  (1042,574)  (1016,478)  (1064,493) 
D09  (1535,526)  (1487,560)  (1487,512)  (1562,574)  (1535,478)  (1583,492) 
L01  (147,1726)  (99,1759)  (99,1711)  (176,1774)  (147,1678)  (195,1691) 
D08  (1361,526)  (1313,560)  (1313,512)  (1389,574)  (1361,478)  (1409,492) 
L03  (492,1726)  (444,1758)  (444,1710)  (522,1774)  (492,1678)  (540,1690) 
L02  (317,1726)  (269,1757)  (269,1709)  (349,1774)  (317,1678)  (365,1689) 
L05  (840,1726)  (792,1759)  (792,1711)  (869,1774)  (840,1678)  (888,1691) 
L04  (667,1726)  (619,1759)  (619,1711)  (696,1774)  (667,1678)  (715,1691) 
L07  (1187,1726)  (1139,1759)  (1139,1711)  (1215,1774)  (1187,1678)  (1235,1692) 
L06  (1016,1726)  (968,1761)  (968,1713)  (1042,1774)  (1016,1678)  (1064,1693) 
L09  (1535,1726)  (1487,1760)  (1487,1712)  (1562,1774)  (1535,1678)  (1583,1692) 
L08  (1361,1726)  (1313,1760)  (1313,1712)  (1389,1774)  (1361,1678)  (1409,1692) 
D10  (1702,526)  (1654,557)  (1654,509)  (1735,574)  (1702,478)  (1750,489) 
D12  (2055,526)  (2007,561)  (2007,513)  (2081,574)  (2055,478)  (2103,493) 
D11  (1880,526)  (1832,559)  (1832,511)  (1908,574)  (1880,478)  (1928,492) 
D14  (2401,526)  (2353,560)  (2353,512)  (2428,574)  (2401,478)  (2449,492) 
D13  (2227,526)  (2179,560)  (2179,512)  (2255,574)  (2227,478)  (2275,492) 
D15  (2575,526)  (2527,561)  (2527,513)  (2601,574)  (2575,478)  (2623,493) 
L10  (1702,1726)  (1654,1757)  (1654,1709)  (1735,1774)  (1702,1678)  (1750,1689) 
L12  (2055,1726)  (2007,1761)  (2007,1713)  (2081,1774)  (2055,1678)  (2103,1693) 
L11  (1880,1726)  (1832,1759)  (1832,1711)  (1908,1774)  (1880,1678)  (1928,1692) 
L14  (2401,1726)  (2353,1760)  (2353,1712)  (2428,1774)  (2401,1678)  (2449,1692) 
L13  (2227,1726)  (2179,1760)  (2179,1712)  (2255,1774)  (2227,1678)  (2275,1692) 
L15  (2575,1726)  (2527,1761)  (2527,1713)  (2601,1774)  (2575,1678)  (2623,1693) 
C02  (241,376)  (193,413)  (193,365)  (263,424)  (241,328)  (289,345) 
C01  (58,376)  (10,408)  (10,360)  (89,424)  (58,328)  (106,340) 
C04  (586,376)  (538,412)  (538,364)  (609,424)  (586,328)  (634,345) 
C03  (417,376)  (369,415)  (369,367)  (436,424)  (417,328)  (465,347) 
C06  (926,376)  (878,409)  (878,361)  (956,424)  (926,328)  (974,341) 
C05  (753,376)  (705,409)  (705,361)  (782,424)  (753,328)  (801,341) 
C08  (1268,376)  (1220,406)  (1220,358)  (1302,424)  (1268,328)  (1316,338) 
C07  (1098,376)  (1050,408)  (1050,360)  (1129,424)  (1098,328)  (1146,340) 
K02  (241,1576)  (193,1613)  (193,1565)  (263,1624)  (241,1528)  (289,1545) 
C09  (1444,376)  (1396,408)  (1396,360)  (1475,424)  (1444,328)  (1492,340) 
K01  (58,1576)  (10,1608)  (10,1560)  (89,1624)  (58,1528)  (106,1540) 
K04  (586,1576)  (538,1612)  (538,1564)  (609,1624)  (586,1528)  (634,1545) 
K03  (417,1576)  (369,1615)  (369,1567)  (436,1624)  (417,1528)  (465,1547) 
K06  (926,1576)  (878,1609)  (878,1561)  (956,1624)  (926,1528)  (974,1541) 
K05  (753,1576)  (705,1609)  (705,1561)  (782,1624)  (753,1528)  (801,1541) 
K08  (1268,1576)  (1220,1606)  (1220,1558)  (1302,1624)  (1268,1528)  (1316,1538) 
K07  (1098,1576)  (1050,1608)  (1050,1560)  (1129,1624)  (1098,1528)  (1146,1540) 
K09  (1444,1576)  (1396,1608)  (1396,1560)  (1475,1624)  (1444,1528)  (1492,1540) 
C11  (1795,376)  (1747,410)  (1747,362)  (1822,424)  (1795,328)  (1843,343) 
C10  (1619,376)  (1571,409)  (1571,361)  (1648,424)  (1619,328)  (1667,341) 
C13  (2141,376)  (2093,410)  (2093,362)  (2168,424)  (2141,328)  (2189,342) 
C12  (1968,376)  (1920,410)  (1920,362)  (1995,424)  (1968,328)  (2016,342) 
C15  (2480,376)  (2432,406)  (2432,358)  (2515,424)  (2480,328)  (2528,338) 
C14  (2311,376)  (2263,408)  (2263,360)  (2341,424)  (2311,328)  (2359,340) 
K11  (1795,1576)  (1747,1610)  (1747,1562)  (1822,1624)  (1795,1528)  (1843,1543) 
K10  (1619,1576)  (1571,1609)  (1571,1561)  (1648,1624)  (1619,1528)  (1667,1541) 
K13  (2141,1576)  (2093,1610)  (2093,1562)  (2168,1624)  (2141,1528)  (2189,1542) 
K12  (1968,1576)  (1920,1610)  (1920,1562)  (1995,1624)  (1968,1528)  (2016,1542) 
K15  (2480,1576)  (2432,1606)  (2432,1558)  (2515,1624)  (2480,1528)  (2528,1538) 
K14  (2311,1576)  (2263,1608)  (2263,1560)  (2341,1624)  (2311,1528)  (2359,1540) 
B01  (147,226)  (99,259)  (99,211)  (176,274)  (147,178)  (195,191) 
B02  (317,226)  (269,257)  (269,209)  (349,274)  (317,178)  (365,189) 
B03  (492,226)  (444,258)  (444,210)  (522,274)  (492,178)  (540,190) 
B04  (667,226)  (619,259)  (619,211)  (696,274)  (667,178)  (715,191) 
B05  (840,226)  (792,259)  (792,211)  (869,274)  (840,178)  (888,191) 
B06  (1016,226)  (968,261)  (968,213)  (1042,274)  (1016,178)  (1064,193) 
B07  (1187,226)  (1139,259)  (1139,211)  (1215,274)  (1187,178)  (1235,192) 
B08  (1361,226)  (1313,260)  (1313,212)  (1389,274)  (1361,178)  (1409,192) 
J01  (147,1426)  (99,1459)  (99,1411)  (176,1474)  (147,1378)  (195,1391) 
B09  (1535,226)  (1487,260)  (1487,212)  (1562,274)  (1535,178)  (1583,192) 
J03  (492,1426)  (444,1458)  (444,1410)  (522,1474)  (492,1378)  (540,1390) 
J02  (317,1426)  (269,1457)  (269,1409)  (349,1474)  (317,1378)  (365,1389) 
J05  (840,1426)  (792,1459)  (792,1411)  (869,1474)  (840,1378)  (888,1391) 
J04  (667,1426)  (619,1459)  (619,1411)  (696,1474)  (667,1378)  (715,1391) 
J07  (1187,1426)  (1139,1459)  (1139,1411)  (1215,1474)  (1187,1378)  (1235,1392) 
J06  (1016,1426)  (968,1461)  (968,1413)  (1042,1474)  (1016,1378)  (1064,1393) 
J09  (1535,1426)  (1487,1460)  (1487,1412)  (1562,1474)  (1535,1378)  (1583,1392) 
J08  (1361,1426)  (1313,1460)  (1313,1412)  (1389,1474)  (1361,1378)  (1409,1392) 
B10  (1702,226)  (1654,257)  (1654,209)  (1735,274)  (1702,178)  (1750,189) 
B11  (1880,226)  (1832,259)  (1832,211)  (1908,274)  (1880,178)  (1928,192) 
B12  (2055,226)  (2007,261)  (2007,213)  (2081,274)  (2055,178)  (2103,193) 
B13  (2227,226)  (2179,260)  (2179,212)  (2255,274)  (2227,178)  (2275,192) 
B14  (2401,226)  (2353,260)  (2353,212)  (2428,274)  (2401,178)  (2449,192) 
B15  (2575,226)  (2527,261)  (2527,213)  (2601,274)  (2575,178)  (2623,193) 
J10  (1702,1426)  (1654,1457)  (1654,1409)  (1735,1474)  (1702,1378)  (1750,1389) 
J12  (2055,1426)  (2007,1461)  (2007,1413)  (2081,1474)  (2055,1378)  (2103,1393) 
J11  (1880,1426)  (1832,1459)  (1832,1411)  (1908,1474)  (1880,1378)  (1928,1392) 
J14  (2401,1426)  (2353,1460)  (2353,1412)  (2428,1474)  (2401,1378)  (2449,1392) 
J13  (2227,1426)  (2179,1460)  (2179,1412)  (2255,1474)  (2227,1378)  (2275,1392) 
J15  (2575,1426)  (2527,1461)  (2527,1413)  (2601,1474)  (2575,1378)  (2623,1393) 